## htsjdk.samtools.metrics.StringHeader
# CollectInsertSizeMetrics --Histogram_FILE /data/delcorvo/analysis/liquid_biopsy_project/derived_data/qc/picard/tumor/C2-57.tumor.insert_size_histogram.pdf --INPUT /data/delcorvo/analysis/liquid_biopsy_project/derived_data/recal/C2-57-tumor.bam --OUTPUT /data/delcorvo/analysis/liquid_biopsy_project/derived_data/qc/picard/tumor/C2-57.tumor.insert_size_metrics.txt --DEVIATIONS 10.0 --MINIMUM_PCT 0.05 --METRIC_ACCUMULATION_LEVEL ALL_READS --INCLUDE_DUPLICATES false --ASSUME_SORTED true --STOP_AFTER 0 --VERBOSITY INFO --QUIET false --VALIDATION_STRINGENCY STRICT --COMPRESSION_LEVEL 5 --MAX_RECORDS_IN_RAM 500000 --CREATE_INDEX false --CREATE_MD5_FILE false --help false --version false --showHidden false --USE_JDK_DEFLATER false --USE_JDK_INFLATER false
## htsjdk.samtools.metrics.StringHeader
# Started on: Thu Nov 21 19:48:31 CET 2024

## METRICS CLASS	picard.analysis.InsertSizeMetrics
MEDIAN_INSERT_SIZE	MODE_INSERT_SIZE	MEDIAN_ABSOLUTE_DEVIATION	MIN_INSERT_SIZE	MAX_INSERT_SIZE	MEAN_INSERT_SIZE	STANDARD_DEVIATION	READ_PAIRS	PAIR_ORIENTATION	WIDTH_OF_10_PERCENT	WIDTH_OF_20_PERCENT	WIDTH_OF_30_PERCENT	WIDTH_OF_40_PERCENT	WIDTH_OF_50_PERCENT	WIDTH_OF_60_PERCENT	WIDTH_OF_70_PERCENT	WIDTH_OF_80_PERCENT	WIDTH_OF_90_PERCENT	WIDTH_OF_95_PERCENT	WIDTH_OF_99_PERCENT	SAMPLE	LIBRARY	READ_GROUP
190	152	59	2	242372782	205.104626	91.748408	20228574	FR	23	47	69	93	119	147	177	219	289	381	573			

## HISTOGRAM	java.lang.Integer
insert_size	All_Reads.fr_count
2	70
3	80
4	79
5	95
6	83
7	79
8	95
9	92
10	87
11	85
12	111
13	108
14	113
15	106
16	107
17	112
18	106
19	1719
20	1806
21	1369
22	1007
23	992
24	630
25	609
26	844
27	785
28	1114
29	1039
30	1065
31	1367
32	1553
33	1872
34	2145
35	2316
36	2723
37	3182
38	3479
39	4026
40	4458
41	5009
42	5546
43	6148
44	6779
45	7236
46	7925
47	8657
48	9240
49	10175
50	10855
51	11553
52	12319
53	13209
54	14160
55	14735
56	15811
57	16723
58	17952
59	18754
60	19634
61	20391
62	21348
63	22840
64	23987
65	24988
66	25834
67	26896
68	27941
69	29216
70	30591
71	31545
72	32429
73	33824
74	35053
75	36304
76	37365
77	38393
78	39757
79	40981
80	42317
81	43090
82	44217
83	46015
84	47161
85	48384
86	49962
87	51004
88	51992
89	53097
90	54251
91	55570
92	56779
93	57769
94	59576
95	60645
96	61991
97	62768
98	64040
99	65183
100	65853
101	67127
102	68072
103	69918
104	71161
105	71952
106	72883
107	74412
108	75058
109	76013
110	76974
111	78082
112	78798
113	79601
114	80949
115	81433
116	82724
117	83287
118	83780
119	85040
120	85710
121	86250
122	87046
123	88069
124	88097
125	89048
126	89951
127	90802
128	90409
129	91852
130	92106
131	92896
132	93287
133	93650
134	94514
135	93987
136	95046
137	95264
138	95615
139	95786
140	95892
141	97100
142	96816
143	97109
144	97048
145	97073
146	97115
147	97490
148	97258
149	97338
150	98326
151	98341
152	98599
153	98258
154	97405
155	97436
156	97859
157	97869
158	97459
159	98038
160	97819
161	98078
162	97969
163	97131
164	97922
165	97295
166	96605
167	96679
168	96840
169	96000
170	96519
171	96269
172	96092
173	95738
174	96461
175	94955
176	95091
177	94591
178	94433
179	94038
180	93632
181	93472
182	92814
183	92928
184	93005
185	92269
186	91213
187	91098
188	90709
189	90151
190	89642
191	88972
192	88915
193	88972
194	89067
195	88181
196	87538
197	87081
198	86667
199	85808
200	85065
201	85308
202	84528
203	84602
204	84346
205	83985
206	83847
207	83041
208	81918
209	81150
210	80469
211	80704
212	80281
213	80396
214	79728
215	79237
216	78715
217	78566
218	77017
219	76631
220	75894
221	75556
222	75630
223	74870
224	74376
225	74495
226	74129
227	72978
228	72200
229	71586
230	70517
231	70155
232	69724
233	69633
234	69389
235	69137
236	69030
237	68509
238	67055
239	66442
240	65949
241	65373
242	64403
243	64545
244	63965
245	64037
246	63806
247	62933
248	62637
249	61377
250	60929
251	60576
252	59834
253	59413
254	59239
255	59092
256	59161
257	58433
258	57522
259	56983
260	55878
261	55150
262	54947
263	54254
264	54420
265	54329
266	53580
267	53803
268	53634
269	52432
270	51430
271	51310
272	50104
273	50005
274	49422
275	49411
276	49498
277	49025
278	48616
279	47847
280	47109
281	46336
282	45927
283	45297
284	45060
285	45006
286	44628
287	44778
288	44160
289	43714
290	43015
291	42034
292	41472
293	40838
294	40559
295	40761
296	40637
297	39775
298	39937
299	39888
300	38813
301	38255
302	37593
303	37098
304	36654
305	36279
306	36097
307	36136
308	36094
309	35784
310	35105
311	34431
312	33947
313	33707
314	32980
315	32805
316	32550
317	32391
318	32124
319	31780
320	31773
321	30661
322	30347
323	30056
324	29682
325	29285
326	28940
327	28933
328	28499
329	28645
330	28390
331	27718
332	27701
333	27009
334	26384
335	26093
336	25752
337	25829
338	25926
339	25462
340	25244
341	24715
342	24666
343	23946
344	23983
345	23617
346	22999
347	22967
348	22862
349	22937
350	22593
351	22225
352	21805
353	21295
354	21072
355	20779
356	20402
357	20296
358	20510
359	20341
360	20072
361	19943
362	19212
363	19328
364	18341
365	18134
366	17963
367	17887
368	17623
369	17526
370	17553
371	17407
372	16951
373	16812
374	16346
375	16224
376	15868
377	15676
378	15740
379	15422
380	15164
381	15240
382	14836
383	15010
384	14610
385	14400
386	13994
387	13681
388	13617
389	13583
390	13390
391	13250
392	13229
393	13045
394	12659
395	12729
396	12346
397	12046
398	11894
399	11817
400	11646
401	11734
402	11526
403	11293
404	11080
405	10899
406	10758
407	10482
408	10311
409	10273
410	10233
411	10197
412	9889
413	9715
414	9635
415	9390
416	9236
417	9147
418	8987
419	8863
420	8815
421	8792
422	8559
423	8515
424	8502
425	8330
426	8074
427	7979
428	7913
429	7623
430	7429
431	7343
432	7415
433	7205
434	7173
435	7095
436	7022
437	7152
438	6679
439	6606
440	6435
441	6451
442	6373
443	6275
444	6217
445	6067
446	5893
447	5792
448	5806
449	5829
450	5595
451	5563
452	5398
453	5398
454	5435
455	5254
456	5264
457	5158
458	4970
459	4920
460	4577
461	4704
462	4550
463	4437
464	4633
465	4360
466	4286
467	4147
468	4234
469	4197
470	3989
471	3941
472	3859
473	3896
474	3806
475	3756
476	3745
477	3502
478	3578
479	3320
480	3412
481	3332
482	3416
483	3342
484	3243
485	3177
486	3157
487	3059
488	2988
489	2859
490	2751
491	2801
492	2791
493	2697
494	2654
495	2619
496	2565
497	2549
498	2404
499	2439
500	2351
501	2377
502	2326
503	2287
504	2295
505	2217
506	2208
507	2038
508	2040
509	1972
510	1908
511	1919
512	1957
513	1889
514	1896
515	1811
516	1797
517	1761
518	1778
519	1735
520	1705
521	1629
522	1611
523	1533
524	1567
525	1531
526	1482
527	1414
528	1409
529	1351
530	1302
531	1385
532	1265
533	1312
534	1273
535	1258
536	1251
537	1212
538	1146
539	1124
540	1133
541	1109
542	1127
543	1050
544	1035
545	1014
546	950
547	988
548	985
549	926
550	939
551	938
552	912
553	908
554	856
555	862
556	791
557	827
558	763
559	804
560	662
561	720
562	710
563	719
564	670
565	724
566	700
567	690
568	651
569	626
570	637
571	610
572	631
573	542
574	554
575	537
576	547
577	517
578	505
579	495
580	472
581	489
582	461
583	474
584	428
585	468
586	427
587	435
588	369
589	366
590	414
591	362
592	384
593	375
594	367
595	378
596	385
597	342
598	331
599	368
600	352
601	346
602	305
603	249
604	315
605	306
606	252
607	246
608	259
609	260
610	216
611	219
612	223
613	212
614	229
615	193
616	203
617	216
618	184
619	206
620	171
621	177
622	187
623	169
624	172
625	176
626	144
627	155
628	149
629	157
630	124
631	135
632	139
633	134
634	119
635	135
636	140
637	125
638	116
639	85
640	108
641	104
642	101
643	111
644	103
645	87
646	104
647	90
648	88
649	83
650	86
651	82
652	72
653	88
654	57
655	71
656	72
657	79
658	64
659	76
660	65
661	76
662	56
663	64
664	55
665	50
666	57
667	67
668	47
669	37
670	40
671	52
672	47
673	49
674	43
675	55
676	47
677	36
678	40
679	38
680	35
681	38
682	41
683	41
684	33
685	25
686	37
687	37
688	31
689	36
690	36
691	27
692	36
693	29
694	26
695	26
696	19
697	27
698	13
699	24
700	32
701	30
702	27
703	19
704	29
705	20
706	23
707	15
708	20
709	16
710	17
711	18
712	10
713	18
714	17
715	10
716	14
717	17
718	6
719	18
720	17
721	9
722	13
723	15
724	16
725	14
726	10
727	12
728	15
729	12
730	9
731	19
732	8
733	18
734	7
735	5
736	11
737	7
738	9
739	5
740	10
741	7
742	8
743	7
744	11
745	3
746	6
747	3
748	13
749	5
750	4
752	8
753	11
754	9
755	1
756	4
757	11
758	2
759	7
760	6
761	2
762	3
763	6
764	7
765	2
766	4
767	2
768	2
769	9
770	3
771	6
772	5
773	3
774	4
775	2
776	2
777	2
778	3
779	4
780	5

