## htsjdk.samtools.metrics.StringHeader
# CollectInsertSizeMetrics --Histogram_FILE /data/delcorvo/analysis/liquid_biopsy_project/derived_data/qc/picard/control/E23.control.insert_size_histogram.pdf --INPUT /data/delcorvo/analysis/liquid_biopsy_project/derived_data/recal/E23-control.bam --OUTPUT /data/delcorvo/analysis/liquid_biopsy_project/derived_data/qc/picard/control/E23.control.insert_size_metrics.txt --DEVIATIONS 10.0 --MINIMUM_PCT 0.05 --METRIC_ACCUMULATION_LEVEL ALL_READS --INCLUDE_DUPLICATES false --ASSUME_SORTED true --STOP_AFTER 0 --VERBOSITY INFO --QUIET false --VALIDATION_STRINGENCY STRICT --COMPRESSION_LEVEL 5 --MAX_RECORDS_IN_RAM 500000 --CREATE_INDEX false --CREATE_MD5_FILE false --help false --version false --showHidden false --USE_JDK_DEFLATER false --USE_JDK_INFLATER false
## htsjdk.samtools.metrics.StringHeader
# Started on: Thu Nov 21 19:53:11 CET 2024

## METRICS CLASS	picard.analysis.InsertSizeMetrics
MEDIAN_INSERT_SIZE	MODE_INSERT_SIZE	MEDIAN_ABSOLUTE_DEVIATION	MIN_INSERT_SIZE	MAX_INSERT_SIZE	MEAN_INSERT_SIZE	STANDARD_DEVIATION	READ_PAIRS	PAIR_ORIENTATION	WIDTH_OF_10_PERCENT	WIDTH_OF_20_PERCENT	WIDTH_OF_30_PERCENT	WIDTH_OF_40_PERCENT	WIDTH_OF_50_PERCENT	WIDTH_OF_60_PERCENT	WIDTH_OF_70_PERCENT	WIDTH_OF_80_PERCENT	WIDTH_OF_90_PERCENT	WIDTH_OF_95_PERCENT	WIDTH_OF_99_PERCENT	SAMPLE	LIBRARY	READ_GROUP
184	151	54	2	228133815	199.179553	87.422186	15842485	FR	21	43	63	85	109	135	165	203	275	365	575			

## HISTOGRAM	java.lang.Integer
insert_size	All_Reads.fr_count
2	97
3	92
4	105
5	106
6	122
7	137
8	110
9	133
10	122
11	147
12	124
13	117
14	150
15	123
16	141
17	159
18	155
19	1091
20	1264
21	996
22	671
23	560
24	489
25	519
26	501
27	604
28	687
29	773
30	880
31	1056
32	1143
33	1404
34	1503
35	1681
36	1963
37	2191
38	2523
39	2903
40	3274
41	3505
42	3930
43	4232
44	4592
45	5097
46	5396
47	5859
48	6491
49	6976
50	7400
51	8147
52	8535
53	9143
54	9864
55	10410
56	11014
57	11451
58	12129
59	13033
60	13331
61	14157
62	15015
63	15806
64	17149
65	17638
66	18328
67	18889
68	19995
69	21108
70	21372
71	22337
72	23362
73	24492
74	25545
75	26664
76	27754
77	28685
78	30068
79	30846
80	31735
81	32199
82	33051
83	34252
84	35887
85	36688
86	38078
87	39136
88	40269
89	41507
90	42159
91	42914
92	43946
93	44918
94	46110
95	48079
96	48880
97	50125
98	51535
99	52497
100	52613
101	54062
102	54530
103	55857
104	57271
105	58833
106	59885
107	60963
108	61831
109	62874
110	63484
111	64151
112	64414
113	65454
114	66328
115	67641
116	69029
117	69957
118	70916
119	71496
120	72060
121	72538
122	73490
123	73397
124	74033
125	74791
126	75452
127	76110
128	78058
129	77980
130	79221
131	79019
132	79069
133	79328
134	79908
135	80277
136	81139
137	81554
138	82190
139	83121
140	82978
141	83308
142	82923
143	82730
144	82497
145	82811
146	83025
147	83391
148	83484
149	84057
150	84532
151	84542
152	84030
153	84231
154	83826
155	83401
156	83513
157	83196
158	83486
159	84122
160	84302
161	83680
162	84541
163	83769
164	83074
165	82666
166	82132
167	82000
168	81980
169	82866
170	82907
171	82186
172	82167
173	81638
174	80989
175	80703
176	80007
177	79162
178	79397
179	78987
180	79150
181	79097
182	79171
183	78254
184	78174
185	77433
186	76582
187	76327
188	75413
189	75102
190	75059
191	75056
192	74285
193	73773
194	73659
195	72893
196	72576
197	72045
198	71284
199	70466
200	70599
201	70500
202	70328
203	69963
204	69489
205	68562
206	68016
207	67699
208	66782
209	65364
210	65677
211	65330
212	64777
213	65368
214	64761
215	64116
216	63316
217	62228
218	61716
219	60844
220	60589
221	59597
222	60299
223	59647
224	59265
225	59124
226	58266
227	57892
228	57273
229	55938
230	55216
231	54958
232	54398
233	54721
234	54086
235	54416
236	53795
237	53069
238	51982
239	50992
240	50700
241	49824
242	49639
243	49548
244	49261
245	49404
246	48626
247	48504
248	47363
249	46968
250	45977
251	45381
252	44628
253	44573
254	44701
255	44549
256	44303
257	44173
258	42868
259	42804
260	41692
261	41237
262	40388
263	40364
264	40317
265	40163
266	40154
267	39576
268	39258
269	38640
270	37725
271	36951
272	36386
273	36096
274	35914
275	35698
276	36254
277	35597
278	34862
279	34608
280	33822
281	33323
282	32704
283	32166
284	31840
285	31871
286	31819
287	31743
288	31404
289	30869
290	30119
291	29741
292	28968
293	28300
294	28209
295	28099
296	28190
297	28177
298	28138
299	27471
300	27197
301	26414
302	26220
303	25483
304	25197
305	25083
306	24860
307	25230
308	24486
309	24802
310	24509
311	24065
312	23279
313	22715
314	22706
315	22113
316	21850
317	21893
318	21717
319	21733
320	21475
321	20876
322	20459
323	20201
324	19793
325	19448
326	19418
327	19562
328	19489
329	19052
330	18840
331	18712
332	18388
333	17813
334	17608
335	17051
336	17382
337	17140
338	17062
339	16885
340	16778
341	16615
342	16042
343	15690
344	15269
345	15141
346	14800
347	14775
348	14781
349	14947
350	14719
351	14526
352	14272
353	13836
354	13615
355	13281
356	13001
357	12884
358	12923
359	12908
360	12645
361	12782
362	12782
363	12221
364	12181
365	11567
366	11298
367	11282
368	11296
369	11197
370	11236
371	11024
372	10941
373	10687
374	10504
375	10359
376	9947
377	9788
378	9851
379	9791
380	9918
381	9497
382	9493
383	9280
384	9173
385	8963
386	8791
387	8533
388	8625
389	8446
390	8305
391	8256
392	8321
393	8178
394	7981
395	7665
396	7634
397	7629
398	7452
399	7378
400	7224
401	7189
402	7272
403	7131
404	6965
405	6780
406	6709
407	6491
408	6426
409	6277
410	6283
411	6338
412	6174
413	6019
414	6001
415	5827
416	5698
417	5606
418	5582
419	5352
420	5412
421	5423
422	5392
423	5354
424	5193
425	5167
426	4985
427	4874
428	4728
429	4688
430	4616
431	4698
432	4592
433	4565
434	4613
435	4432
436	4440
437	4157
438	4153
439	4069
440	4045
441	3879
442	3890
443	3933
444	3841
445	3780
446	3698
447	3738
448	3573
449	3443
450	3433
451	3397
452	3317
453	3499
454	3381
455	3291
456	3242
457	3181
458	3102
459	2969
460	2921
461	2835
462	2815
463	2825
464	2842
465	2843
466	2752
467	2725
468	2673
469	2588
470	2468
471	2461
472	2472
473	2451
474	2402
475	2463
476	2421
477	2357
478	2293
479	2188
480	2282
481	2092
482	2107
483	2087
484	1996
485	2052
486	1955
487	1914
488	1888
489	1781
490	1830
491	1809
492	1833
493	1740
494	1753
495	1728
496	1715
497	1576
498	1657
499	1562
500	1557
501	1503
502	1536
503	1442
504	1512
505	1497
506	1447
507	1483
508	1343
509	1380
510	1345
511	1319
512	1300
513	1238
514	1208
515	1297
516	1184
517	1222
518	1177
519	1152
520	1163
521	1107
522	1086
523	1177
524	1100
525	1048
526	1015
527	1050
528	1003
529	1004
530	984
531	896
532	898
533	935
534	896
535	837
536	846
537	896
538	848
539	825
540	784
541	756
542	758
543	773
544	726
545	746
546	698
547	720
548	680
549	705
550	672
551	665
552	677
553	613
554	627
555	665
556	634
557	597
558	584
559	595
560	560
561	565
562	503
563	566
564	538
565	503
566	497
567	532
568	516
569	469
570	469
571	453
572	477
573	415
574	470
575	400
576	389
577	367
578	373
579	358
580	355
581	355
582	344
583	324
584	311
585	294
586	336
587	299
588	297
589	285
590	279
591	295
592	263
593	233
594	279
595	273
596	286
597	270
598	221
599	244
600	221
601	241
602	236
603	211
604	214
605	235
606	214
607	211
608	220
609	201
610	207
611	222
612	206
613	162
614	189
615	185
616	164
617	183
618	172
619	164
620	169
621	179
622	176
623	180
624	156
625	136
626	164
627	160
628	143
629	149
630	155
631	140
632	136
633	127
634	132
635	103
636	145
637	109
638	108
639	111
640	100
641	106
642	102
643	93
644	125
645	115
646	98
647	97
648	79
649	89
650	95
651	97
652	97
653	88
654	120
655	107
656	95
657	88
658	75
659	73
660	84
661	66
662	62
663	75
664	70
665	82
666	67
667	59
668	69
669	61
670	52
671	66
672	62
673	63
674	58
675	54
676	62
677	66
678	55
679	51
680	47
681	57
682	55
683	55
684	52
685	56
686	56
687	52
688	48
689	35
690	51
691	42
692	53
693	38
694	33
695	35
696	52
697	35
698	36
699	40
700	31
701	43
702	32
703	38
704	31
705	39
706	33
707	34
708	38
709	25
710	32
711	32
712	27
713	28
714	22
715	29
716	42
717	18
718	26
719	31
720	23
721	27
722	26
723	25
724	29

