## htsjdk.samtools.metrics.StringHeader
# CollectInsertSizeMetrics --Histogram_FILE /data/delcorvo/analysis/liquid_biopsy_project/derived_data/qc/picard/tumor/H7.tumor.insert_size_histogram.pdf --INPUT /data/delcorvo/analysis/liquid_biopsy_project/derived_data/recal/H7-tumor.bam --OUTPUT /data/delcorvo/analysis/liquid_biopsy_project/derived_data/qc/picard/tumor/H7.tumor.insert_size_metrics.txt --DEVIATIONS 10.0 --MINIMUM_PCT 0.05 --METRIC_ACCUMULATION_LEVEL ALL_READS --INCLUDE_DUPLICATES false --ASSUME_SORTED true --STOP_AFTER 0 --VERBOSITY INFO --QUIET false --VALIDATION_STRINGENCY STRICT --COMPRESSION_LEVEL 5 --MAX_RECORDS_IN_RAM 500000 --CREATE_INDEX false --CREATE_MD5_FILE false --help false --version false --showHidden false --USE_JDK_DEFLATER false --USE_JDK_INFLATER false
## htsjdk.samtools.metrics.StringHeader
# Started on: Thu Nov 21 18:57:24 CET 2024

## METRICS CLASS	picard.analysis.InsertSizeMetrics
MEDIAN_INSERT_SIZE	MODE_INSERT_SIZE	MEDIAN_ABSOLUTE_DEVIATION	MIN_INSERT_SIZE	MAX_INSERT_SIZE	MEAN_INSERT_SIZE	STANDARD_DEVIATION	READ_PAIRS	PAIR_ORIENTATION	WIDTH_OF_10_PERCENT	WIDTH_OF_20_PERCENT	WIDTH_OF_30_PERCENT	WIDTH_OF_40_PERCENT	WIDTH_OF_50_PERCENT	WIDTH_OF_60_PERCENT	WIDTH_OF_70_PERCENT	WIDTH_OF_80_PERCENT	WIDTH_OF_90_PERCENT	WIDTH_OF_95_PERCENT	WIDTH_OF_99_PERCENT	SAMPLE	LIBRARY	READ_GROUP
187	152	55	2	229096769	200.788201	87.009562	23215088	FR	21	43	65	87	111	137	167	207	275	359	549			

## HISTOGRAM	java.lang.Integer
insert_size	All_Reads.fr_count
2	103
3	104
4	116
5	129
6	107
7	114
8	134
9	102
10	128
11	116
12	118
13	140
14	148
15	122
16	137
17	126
18	149
19	1602
20	1820
21	1490
22	1135
23	1102
24	635
25	641
26	832
27	856
28	1192
29	1103
30	1177
31	1472
32	1771
33	2043
34	2364
35	2919
36	3307
37	3660
38	4146
39	4740
40	5189
41	5805
42	6395
43	6861
44	7602
45	7932
46	8802
47	9634
48	10636
49	11509
50	12236
51	13172
52	13907
53	14703
54	15757
55	16462
56	17489
57	18526
58	19187
59	20305
60	21512
61	22525
62	23712
63	24581
64	26190
65	26799
66	28214
67	29136
68	30758
69	31548
70	32723
71	34030
72	34827
73	36409
74	38018
75	39081
76	40205
77	41688
78	42516
79	44374
80	45488
81	46964
82	48122
83	49443
84	50871
85	52216
86	53934
87	55438
88	56661
89	58699
90	59635
91	60883
92	62781
93	63583
94	64997
95	67219
96	68358
97	69723
98	70797
99	72145
100	74372
101	75296
102	76289
103	77887
104	79704
105	81141
106	82996
107	84377
108	85309
109	87076
110	88521
111	89559
112	90707
113	91352
114	93662
115	94743
116	95929
117	97172
118	98610
119	99570
120	100552
121	101613
122	102133
123	103387
124	104429
125	105725
126	106792
127	107681
128	108294
129	109409
130	110284
131	110696
132	111455
133	112757
134	112882
135	113581
136	114528
137	114889
138	115673
139	116306
140	117134
141	117313
142	118082
143	118538
144	118386
145	118258
146	118429
147	119550
148	119588
149	119696
150	120681
151	120834
152	120884
153	120450
154	120637
155	119714
156	120387
157	119991
158	120515
159	119818
160	119949
161	120710
162	120671
163	120853
164	120092
165	119701
166	119987
167	118884
168	118915
169	118308
170	118453
171	118302
172	117554
173	118275
174	118306
175	117205
176	116256
177	115891
178	115336
179	114932
180	115241
181	114008
182	114100
183	113975
184	112928
185	113511
186	111604
187	111222
188	110573
189	110261
190	109394
191	109153
192	109443
193	109083
194	107434
195	107521
196	106807
197	105659
198	104753
199	104410
200	103217
201	103485
202	102737
203	102640
204	102840
205	101632
206	100391
207	99339
208	98362
209	97129
210	96770
211	97073
212	96088
213	95780
214	95664
215	94145
216	94039
217	92660
218	91710
219	90978
220	90331
221	89717
222	88597
223	88806
224	88230
225	88096
226	87315
227	86804
228	84834
229	83728
230	82996
231	82026
232	82116
233	81336
234	81281
235	81183
236	80094
237	79213
238	78063
239	76914
240	76159
241	75759
242	75112
243	74291
244	74273
245	74200
246	73497
247	72218
248	71787
249	70992
250	69249
251	68652
252	68426
253	68294
254	67746
255	66981
256	66641
257	66391
258	65193
259	64475
260	63636
261	62229
262	61611
263	61613
264	60849
265	60670
266	60878
267	59555
268	59220
269	58148
270	57500
271	56459
272	55896
273	55819
274	54955
275	54927
276	54569
277	54111
278	53369
279	52655
280	51817
281	51013
282	50577
283	50098
284	49501
285	48890
286	48495
287	48648
288	47473
289	47304
290	46560
291	45809
292	44891
293	44641
294	44182
295	44020
296	43189
297	43220
298	42695
299	42633
300	41721
301	41232
302	40145
303	39815
304	39197
305	38831
306	38904
307	38559
308	38136
309	37693
310	37123
311	36718
312	35583
313	35379
314	35048
315	35020
316	34484
317	34099
318	33792
319	33389
320	32730
321	32501
322	31852
323	31548
324	30708
325	30868
326	30190
327	29986
328	29806
329	29886
330	29760
331	29396
332	28333
333	27453
334	27491
335	27411
336	26915
337	26745
338	26363
339	26074
340	25932
341	25564
342	25052
343	24481
344	24307
345	23695
346	23417
347	23317
348	23260
349	22755
350	22508
351	22267
352	21930
353	21602
354	21122
355	20752
356	20664
357	20360
358	20119
359	20111
360	19864
361	19365
362	19396
363	18958
364	18500
365	18068
366	18186
367	17960
368	17768
369	17348
370	17157
371	17082
372	16957
373	16715
374	16236
375	15979
376	15845
377	15406
378	15474
379	15062
380	14987
381	14949
382	14637
383	14301
384	14296
385	13899
386	13514
387	13483
388	13414
389	13123
390	13195
391	13043
392	12835
393	12462
394	12202
395	11892
396	11891
397	11485
398	11562
399	11508
400	11065
401	11075
402	11012
403	10697
404	10537
405	10388
406	10087
407	10066
408	9831
409	9770
410	9773
411	9615
412	9491
413	9307
414	9224
415	9137
416	8558
417	8665
418	8525
419	8311
420	8279
421	8190
422	8056
423	7815
424	7835
425	7845
426	7683
427	7217
428	7265
429	7134
430	6908
431	6971
432	6728
433	6834
434	6806
435	6627
436	6386
437	6328
438	6120
439	6108
440	6147
441	5942
442	5865
443	5798
444	5636
445	5473
446	5390
447	5254
448	5218
449	5094
450	5165
451	4981
452	4946
453	4827
454	4834
455	4711
456	4675
457	4478
458	4580
459	4470
460	4184
461	4198
462	4085
463	4087
464	3950
465	3902
466	4010
467	3827
468	3815
469	3675
470	3540
471	3599
472	3444
473	3391
474	3427
475	3333
476	3298
477	3200
478	3071
479	3064
480	3006
481	2999
482	2898
483	2882
484	2826
485	2743
486	2763
487	2642
488	2672
489	2567
490	2558
491	2462
492	2442
493	2404
494	2373
495	2336
496	2194
497	2152
498	2233
499	2103
500	2109
501	2029
502	2016
503	1982
504	1954
505	1894
506	1810
507	1964
508	1763
509	1705
510	1653
511	1707
512	1694
513	1615
514	1590
515	1574
516	1541
517	1471
518	1517
519	1452
520	1361
521	1379
522	1404
523	1327
524	1356
525	1245
526	1259
527	1295
528	1269
529	1194
530	1243
531	1127
532	1139
533	1085
534	1015
535	1099
536	1054
537	1039
538	986
539	992
540	1014
541	943
542	924
543	938
544	872
545	925
546	835
547	851
548	824
549	839
550	761
551	760
552	741
553	695
554	723
555	709
556	660
557	677
558	642
559	650
560	644
561	606
562	600
563	610
564	605
565	562
566	535
567	523
568	566
569	532
570	510
571	508
572	490
573	481
574	444
575	467
576	420
577	415
578	374
579	405
580	376
581	365
582	371
583	366
584	357
585	369
586	321
587	297
588	327
589	303
590	279
591	276
592	240
593	279
594	254
595	257
596	255
597	263
598	204
599	227
600	212
601	223
602	192
603	204
604	225
605	215
606	171
607	185
608	186
609	175
610	161
611	170
612	172
613	169
614	152
615	164
616	142
617	154
618	136
619	141
620	151
621	135
622	139
623	123
624	139
625	110
626	103
627	110
628	122
629	121
630	118
631	92
632	117
633	103
634	114
635	89
636	94
637	102
638	83
639	99
640	91
641	67
642	87
643	77
644	93
645	71
646	65
647	59
648	60
649	57
650	55
651	71
652	70
653	67
654	72
655	58
656	56
657	51
658	62
659	56
660	65
661	55
662	42
663	45
664	44
665	38
666	55
667	39
668	38
669	46
670	45
671	44
672	27
673	39
674	36
675	43
676	48
677	32
678	38
679	37
680	41
681	26
682	35
683	34
684	28
685	27
686	26
687	23
688	36
689	19
690	26
691	36
692	22
693	27
694	25
695	21
696	17
697	22
698	31
699	21
700	12
701	18
702	21
703	21
704	15
705	13
706	9
707	11
708	18
709	11
710	18
711	7
712	7
713	8
714	15
715	15
716	8
717	13
718	8
719	17
720	11
721	10
722	8
723	12
724	5
725	10
726	7
727	7
728	10
729	12
730	11
731	3
732	10
733	7
734	7
735	5
736	7
737	8

